"Frequency","Power"
1.851e+09,-51.9222
1.851e+09,-57.8015
1.85101e+09,-64.9243
1.85101e+09,-56.0716
1.85101e+09,-58.4541
1.85101e+09,-70.3078
1.85102e+09,-59.6108
1.85102e+09,-57.1917
1.85102e+09,-56.5784
1.85103e+09,-54.9128
1.85103e+09,-54.9527
1.85103e+09,-52.6502
1.85104e+09,-62.2784
1.85104e+09,-64.4088
1.85104e+09,-59.2819
1.85104e+09,-56.0315
1.85105e+09,-58.9884
1.85105e+09,-56.3658
1.85105e+09,-54.5366
1.85106e+09,-61.2158
1.85106e+09,-55.9931
1.85106e+09,-67.4513
1.85106e+09,-59.9228
1.85107e+09,-61.5827
1.85107e+09,-58.4557
1.85107e+09,-57.4816
1.85108e+09,-55.3447
1.85108e+09,-58.0498
1.85108e+09,-55.5071
1.85109e+09,-59.7582
1.85109e+09,-66.9389
1.85109e+09,-54.7898
1.85109e+09,-54.7498
1.8511e+09,-63.3386
1.8511e+09,-58.2089
1.8511e+09,-58.0955
1.85111e+09,-50.1852
1.85111e+09,-47.3426
1.85111e+09,-53.6096
1.85111e+09,-57.5931
1.85112e+09,-50.7491
1.85112e+09,-54.0912
1.85112e+09,-56.7294
1.85113e+09,-58.3938
1.85113e+09,-51.4543
1.85113e+09,-47.9602
1.85114e+09,-50.3774
1.85114e+09,-53.3956
1.85114e+09,-58.3877
1.85114e+09,-52.6099
1.85115e+09,-50.9377
1.85115e+09,-50.7669
1.85115e+09,-51.5678
1.85116e+09,-65.03
1.85116e+09,-51.2701
1.85116e+09,-50.2555
1.85116e+09,-55.2007
1.85117e+09,-46.6065
1.85117e+09,-47.9546
1.85117e+09,-52.2827
1.85118e+09,-50.0233
1.85118e+09,-47.4174
1.85118e+09,-49.3985
1.85119e+09,-54.2785
1.85119e+09,-56.7814
1.85119e+09,-52.3311
1.85119e+09,-63.9395
1.8512e+09,-58.8607
1.8512e+09,-55.5301
1.8512e+09,-68.04
1.85121e+09,-52.9027
1.85121e+09,-51.6258
1.85121e+09,-56.6458
1.85121e+09,-46.9041
1.85122e+09,-48.8753
1.85122e+09,-59.8755
1.85122e+09,-48.5008
1.85123e+09,-49.209
1.85123e+09,-51.2185
1.85123e+09,-46.1611
1.85124e+09,-47.7236
1.85124e+09,-51.7674
1.85124e+09,-52.0974
1.85124e+09,-69.4722
1.85125e+09,-56.6615
1.85125e+09,-49.647
1.85125e+09,-43.7205
1.85126e+09,-46.7416
1.85126e+09,-51.6536
1.85126e+09,-52.6276
1.85126e+09,-61.4817
1.85127e+09,-53.6246
1.85127e+09,-51.8433
1.85127e+09,-47.427
1.85128e+09,-47.7644
1.85128e+09,-54.7184
1.85128e+09,-47.2149
1.85129e+09,-48.6573
1.85129e+09,-52.1276
1.85129e+09,-54.4812
1.85129e+09,-58.3603
1.8513e+09,-57.4931
1.8513e+09,-49.0708
1.8513e+09,-49.0822
1.85131e+09,-52.5746
1.85131e+09,-53.7796
1.85131e+09,-63.7089
1.85131e+09,-64.9146
1.85132e+09,-58.7293
1.85132e+09,-51.6759
1.85132e+09,-53.5957
1.85133e+09,-54.0648
1.85133e+09,-47.7367
1.85133e+09,-47.9855
1.85134e+09,-52.9539
1.85134e+09,-57.8688
1.85134e+09,-47.4623
1.85134e+09,-50.0818
1.85135e+09,-49.8191
1.85135e+09,-46.0292
1.85135e+09,-51.3902
1.85136e+09,-61.4147
1.85136e+09,-56.4009
1.85136e+09,-48.963
1.85136e+09,-53.541
1.85137e+09,-50.5665
1.85137e+09,-54.8742
1.85137e+09,-55.5836
1.85138e+09,-46.3453
1.85138e+09,-46.8356
1.85138e+09,-52.4516
1.85139e+09,-54.3169
1.85139e+09,-50.9635
1.85139e+09,-51.2267
1.85139e+09,-51.8232
1.8514e+09,-47.815
1.8514e+09,-55.4006
1.8514e+09,-56.7275
1.85141e+09,-49.2331
1.85141e+09,-48.0512
1.85141e+09,-49.6486
1.85142e+09,-53.9796
1.85142e+09,-65.4759
1.85142e+09,-52.5999
1.85142e+09,-57.6219
1.85143e+09,-53.872
1.85143e+09,-52.4922
1.85143e+09,-57.0431
1.85144e+09,-56.6565
1.85144e+09,-50.8648
1.85144e+09,-48.546
1.85144e+09,-53.2665
1.85145e+09,-66.8564
1.85145e+09,-51.2734
1.85145e+09,-52.63
1.85146e+09,-51.7718
1.85146e+09,-46.9259
1.85146e+09,-45.6037
1.85147e+09,-46.5401
1.85147e+09,-52.3305
1.85147e+09,-51.3659
1.85147e+09,-50.3725
1.85148e+09,-61.1568
1.85148e+09,-55.5924
1.85148e+09,-55.7125
1.85149e+09,-59.5456
1.85149e+09,-65.1565
1.85149e+09,-51.1936
1.85149e+09,-49.2668
1.8515e+09,-50.7856
1.8515e+09,-50.6443
1.8515e+09,-54.5309
1.85151e+09,-61.5174
1.85151e+09,-55.9246
1.85151e+09,-52.7652
1.85152e+09,-53.1947
1.85152e+09,-50.3201
1.85152e+09,-52.2559
1.85152e+09,-56.7133
1.85153e+09,-64.6437
1.85153e+09,-58.176
1.85153e+09,-52.6505
1.85154e+09,-44.5871
1.85154e+09,-48.9939
1.85154e+09,-50.4106
1.85154e+09,-51.0029
1.85155e+09,-50.4756
1.85155e+09,-51.9036
1.85155e+09,-57.5576
1.85156e+09,-68.2359
1.85156e+09,-62.3013
1.85156e+09,-56.7828
1.85157e+09,-52.4923
1.85157e+09,-52.4751
1.85157e+09,-50.0063
1.85157e+09,-49.9824
1.85158e+09,-49.9622
1.85158e+09,-47.9069
1.85158e+09,-51.5582
1.85159e+09,-46.4817
1.85159e+09,-51.6644
1.85159e+09,-52.6152
1.85159e+09,-46.3507
1.8516e+09,-50.2208
1.8516e+09,-62.2951
1.8516e+09,-52.0598
1.85161e+09,-55.9934
1.85161e+09,-53.8608
1.85161e+09,-68.4151
1.85162e+09,-52.3706
1.85162e+09,-52.8484
1.85162e+09,-51.2902
1.85162e+09,-52.9468
1.85163e+09,-53.5052
1.85163e+09,-51.4341
1.85163e+09,-58.5031
1.85164e+09,-56.719
1.85164e+09,-55.3643
1.85164e+09,-49.7844
1.85164e+09,-45.6952
1.85165e+09,-45.6886
1.85165e+09,-47.4529
1.85165e+09,-50.4108
1.85166e+09,-54.3085
1.85166e+09,-57.4543
1.85166e+09,-55.9052
1.85167e+09,-51.7024
1.85167e+09,-53.8059
1.85167e+09,-59.3361
1.85167e+09,-62.9469
1.85168e+09,-57.245
1.85168e+09,-63.8677
1.85168e+09,-50.3104
1.85169e+09,-57.1089
1.85169e+09,-60.3982
1.85169e+09,-51.8703
1.85169e+09,-57.1518
1.8517e+09,-59.3974
1.8517e+09,-59.6663
1.8517e+09,-54.986
1.85171e+09,-54.7164
1.85171e+09,-49.4556
1.85171e+09,-53.7109
1.85172e+09,-58.1709
1.85172e+09,-51.9765
1.85172e+09,-64.2886
1.85172e+09,-56.2034
1.85173e+09,-53.7698
1.85173e+09,-47.3461
1.85173e+09,-49.0203
1.85174e+09,-51.5346
1.85174e+09,-57.3229
1.85174e+09,-45.9396
1.85174e+09,-46.8823
1.85175e+09,-51.5599
1.85175e+09,-60.1183
1.85175e+09,-62.9235
1.85176e+09,-74.962
1.85176e+09,-61.7958
1.85176e+09,-50.9362
1.85177e+09,-50.7583
1.85177e+09,-50.4904
1.85177e+09,-51.0554
1.85177e+09,-57.5638
1.85178e+09,-58.8776
1.85178e+09,-64.4206
1.85178e+09,-49.7644
1.85179e+09,-45.7456
1.85179e+09,-53.7024
1.85179e+09,-61.8201
1.85179e+09,-54.7558
1.8518e+09,-62.1572
1.8518e+09,-50.7427
1.8518e+09,-50.9905
1.85181e+09,-48.6837
1.85181e+09,-45.4825
1.85181e+09,-49.3962
1.85182e+09,-63.193
1.85182e+09,-56.2321
1.85182e+09,-51.4097
1.85182e+09,-57.9395
1.85183e+09,-48.6006
1.85183e+09,-46.4475
1.85183e+09,-59.7839
1.85184e+09,-54.4609
1.85184e+09,-46.5004
1.85184e+09,-45.2423
1.85184e+09,-56.2891
1.85185e+09,-58.2059
1.85185e+09,-62.357
1.85185e+09,-59.557
1.85186e+09,-57.1925
1.85186e+09,-57.5534
1.85186e+09,-57.216
1.85187e+09,-45.3569
1.85187e+09,-47.4059
1.85187e+09,-50.5516
1.85187e+09,-54.2629
1.85188e+09,-47.7329
1.85188e+09,-49.2006
1.85188e+09,-49.6109
1.85189e+09,-53.5492
1.85189e+09,-52.1487
1.85189e+09,-57.0041
1.85189e+09,-54.5196
1.8519e+09,-63.23
1.8519e+09,-53.8298
1.8519e+09,-52.3134
1.85191e+09,-52.5304
1.85191e+09,-52.4118
1.85191e+09,-52.3826
1.85192e+09,-45.2975
1.85192e+09,-45.4941
1.85192e+09,-45.8681
1.85192e+09,-47.2819
1.85193e+09,-56.215
1.85193e+09,-54.9582
1.85193e+09,-50.3376
1.85194e+09,-51.829
1.85194e+09,-51.0907
1.85194e+09,-52.0122
1.85194e+09,-51.4204
1.85195e+09,-56.7484
1.85195e+09,-47.6079
1.85195e+09,-47.7573
1.85196e+09,-75.7974
1.85196e+09,-56.6565
1.85196e+09,-63.4895
1.85197e+09,-61.6322
1.85197e+09,-55.8165
1.85197e+09,-53.2141
1.85197e+09,-53.7808
1.85198e+09,-47.0122
1.85198e+09,-47.8212
1.85198e+09,-57.5553
1.85199e+09,-56.2978
1.85199e+09,-55.0737
1.85199e+09,-63.7696
1.852e+09,-63.8737
1.852e+09,-49.2363
1.852e+09,-49.4552
1.852e+09,-62.998
1.85201e+09,-56.9928
1.85201e+09,-52.2789
1.85201e+09,-49.1121
1.85202e+09,-52.7569
1.85202e+09,-61.1467
1.85202e+09,-47.7241
1.85202e+09,-51.1063
1.85203e+09,-55.8908
1.85203e+09,-53.043
1.85203e+09,-53.5567
1.85204e+09,-59.6051
1.85204e+09,-50.3961
1.85204e+09,-66.1782
1.85205e+09,-46.4021
1.85205e+09,-44.204
1.85205e+09,-46.3532
1.85205e+09,-57.2836
1.85206e+09,-48.4198
1.85206e+09,-47.8349
1.85206e+09,-48.1781
1.85207e+09,-47.249
1.85207e+09,-46.7941
1.85207e+09,-47.4669
1.85207e+09,-47.692
1.85208e+09,-46.0508
1.85208e+09,-56.9625
1.85208e+09,-45.5484
1.85209e+09,-43.6312
1.85209e+09,-49.585
1.85209e+09,-62.4427
1.8521e+09,-52.0708
1.8521e+09,-45.7751
1.8521e+09,-44.3107
1.8521e+09,-45.8738
1.85211e+09,-44.7374
1.85211e+09,-47.6664
1.85211e+09,-63.7474
1.85212e+09,-46.3187
1.85212e+09,-41.1032
1.85212e+09,-42.6546
1.85212e+09,-49.1183
1.85213e+09,-49.4473
1.85213e+09,-55.4575
1.85213e+09,-49.2346
1.85214e+09,-50.6032
1.85214e+09,-44.3106
1.85214e+09,-39.8467
1.85215e+09,-40.7031
1.85215e+09,-47.7989
1.85215e+09,-55.7423
1.85215e+09,-52.7404
1.85216e+09,-51.6424
1.85216e+09,-45.8685
1.85216e+09,-43.5154
1.85217e+09,-43.3475
1.85217e+09,-48.1649
1.85217e+09,-47.2605
1.85217e+09,-44.1268
1.85218e+09,-44.1469
1.85218e+09,-47.4473
1.85218e+09,-56.4577
1.85219e+09,-43.7928
1.85219e+09,-45.5758
1.85219e+09,-44.9796
1.8522e+09,-43.9941
1.8522e+09,-47.9625
1.8522e+09,-51.0469
1.8522e+09,-46.6127
1.85221e+09,-43.4878
1.85221e+09,-46.012
1.85221e+09,-55.8604
1.85222e+09,-50.7811
1.85222e+09,-51.123
1.85222e+09,-54.0981
1.85222e+09,-48.2469
1.85223e+09,-53.8979
1.85223e+09,-51.71
1.85223e+09,-47.9727
1.85224e+09,-43.7608
1.85224e+09,-41.1185
1.85224e+09,-49.3073
1.85225e+09,-46.7009
1.85225e+09,-43.0645
1.85225e+09,-45.4829
1.85225e+09,-48.0486
1.85226e+09,-52.8687
1.85226e+09,-48.1968
1.85226e+09,-45.0524
1.85227e+09,-43.215
1.85227e+09,-43.2528
1.85227e+09,-41.309
1.85227e+09,-44.9431
1.85228e+09,-50.2776
1.85228e+09,-44.6735
1.85228e+09,-47.0524
1.85229e+09,-48.3973
1.85229e+09,-50.3821
1.85229e+09,-54.3414
1.8523e+09,-48.6876
1.8523e+09,-46.8424
1.8523e+09,-47.7269
1.8523e+09,-43.1711
1.85231e+09,-40.9098
1.85231e+09,-42.1858
1.85231e+09,-49.1323
1.85232e+09,-45.2478
1.85232e+09,-45.6682
1.85232e+09,-53.393
1.85232e+09,-53.3055
1.85233e+09,-51.7134
1.85233e+09,-43.0097
1.85233e+09,-41.1206
1.85234e+09,-45.5479
1.85234e+09,-51.1691
1.85234e+09,-55.4225
1.85235e+09,-54.7498
1.85235e+09,-46.8231
1.85235e+09,-46.2321
1.85235e+09,-47.9935
1.85236e+09,-43.9636
1.85236e+09,-44.2105
1.85236e+09,-48.6071
1.85237e+09,-43.9221
1.85237e+09,-49.0454
1.85237e+09,-49.7148
1.85237e+09,-58.2166
1.85238e+09,-57.7382
1.85238e+09,-57.2
1.85238e+09,-53.113
1.85239e+09,-48.6799
1.85239e+09,-43.2274
1.85239e+09,-43.1805
1.8524e+09,-41.2186
1.8524e+09,-41.2409
1.8524e+09,-46.9261
1.8524e+09,-50.1476
1.85241e+09,-45.8623
1.85241e+09,-46.3481
1.85241e+09,-41.7869
1.85242e+09,-39.6581
1.85242e+09,-42.6718
1.85242e+09,-51.2323
1.85242e+09,-46.9161
1.85243e+09,-45.69
1.85243e+09,-48.6591
1.85243e+09,-48.7768
1.85244e+09,-58.7889
1.85244e+09,-49.9211
1.85244e+09,-43.5178
1.85245e+09,-43.939
1.85245e+09,-49.4685
1.85245e+09,-46.5125
1.85245e+09,-47.758
1.85246e+09,-48.7276
1.85246e+09,-46.5095
1.85246e+09,-48.3338
1.85247e+09,-50.6188
1.85247e+09,-58.378
1.85247e+09,-46.1828
1.85247e+09,-41.3248
1.85248e+09,-43.3194
1.85248e+09,-50.4147
1.85248e+09,-50.7056
1.85249e+09,-57.4638
1.85249e+09,-44.557
1.85249e+09,-40.92
1.8525e+09,-46.5337
1.8525e+09,-50.911
1.8525e+09,-52.3887
1.8525e+09,-40.7342
1.85251e+09,-37.4614
1.85251e+09,-43.7359
1.85251e+09,-56.4531
1.85252e+09,-51.3401
1.85252e+09,-50.3624
1.85252e+09,-52.0437
1.85252e+09,-51.1177
1.85253e+09,-52.8393
1.85253e+09,-53.0049
1.85253e+09,-46.3445
1.85254e+09,-44.43
1.85254e+09,-56.3585
1.85254e+09,-42.8454
1.85255e+09,-45.9309
1.85255e+09,-50.4961
1.85255e+09,-53.7535
1.85255e+09,-46.108
1.85256e+09,-46.0516
1.85256e+09,-50.7737
1.85256e+09,-45.0894
1.85257e+09,-46.4171
1.85257e+09,-50.6623
1.85257e+09,-47.4837
1.85257e+09,-66.7487
1.85258e+09,-59.1661
1.85258e+09,-46.9687
1.85258e+09,-47.6073
1.85259e+09,-53.2159
1.85259e+09,-58.8879
1.85259e+09,-50.7137
1.8526e+09,-41.5982
1.8526e+09,-46.6064
1.8526e+09,-44.2988
1.8526e+09,-41.6843
1.85261e+09,-48.2523
1.85261e+09,-56.4057
1.85261e+09,-47.5392
1.85262e+09,-45.5203
1.85262e+09,-50.0747
1.85262e+09,-58.2676
1.85263e+09,-46.1152
1.85263e+09,-45.7237
1.85263e+09,-52.6067
1.85263e+09,-51.3706
1.85264e+09,-45.4813
1.85264e+09,-42.7355
1.85264e+09,-50.472
1.85265e+09,-51.5584
1.85265e+09,-49.2527
1.85265e+09,-59.1698
1.85265e+09,-62.105
1.85266e+09,-49.7077
1.85266e+09,-45.6559
1.85266e+09,-45.8905
1.85267e+09,-43.2458
1.85267e+09,-42.6698
1.85267e+09,-43.2939
1.85268e+09,-52.8055
1.85268e+09,-44.9278
1.85268e+09,-46.167
1.85268e+09,-47.1476
1.85269e+09,-41.4204
1.85269e+09,-45.2913
1.85269e+09,-46.5227
1.8527e+09,-45.8741
1.8527e+09,-49.945
1.8527e+09,-47.3571
1.8527e+09,-43.7754
1.85271e+09,-56.7866
1.85271e+09,-47.1513
1.85271e+09,-47.0185
1.85272e+09,-54.7571
1.85272e+09,-49.787
1.85272e+09,-44.5035
1.85273e+09,-46.26
1.85273e+09,-48.9389
1.85273e+09,-48.7439
1.85273e+09,-47.4254
1.85274e+09,-45.4253
1.85274e+09,-46.4835
1.85274e+09,-56.4414
1.85275e+09,-42.5483
1.85275e+09,-42.4843
1.85275e+09,-46.428
1.85275e+09,-52.9536
1.85276e+09,-59.6936
1.85276e+09,-54.1589
1.85276e+09,-50.2293
1.85277e+09,-53.5209
1.85277e+09,-59.7457
1.85277e+09,-51.5696
1.85278e+09,-48.7614
1.85278e+09,-52.5006
1.85278e+09,-54.3596
1.85278e+09,-60.4035
1.85279e+09,-53.6329
1.85279e+09,-54.2316
1.85279e+09,-64.615
1.8528e+09,-55.0198
1.8528e+09,-43.7947
1.8528e+09,-42.3288
1.8528e+09,-47.5929
1.85281e+09,-52.4774
1.85281e+09,-55.6329
1.85281e+09,-49.4577
1.85282e+09,-50.7876
1.85282e+09,-49.6601
1.85282e+09,-46.0114
1.85283e+09,-58.8869
1.85283e+09,-47.1829
1.85283e+09,-41.3375
1.85283e+09,-40.3539
1.85284e+09,-45.8863
1.85284e+09,-50.9693
1.85284e+09,-47.939
1.85285e+09,-57.0382
1.85285e+09,-50.4196
1.85285e+09,-49.1092
1.85285e+09,-70.7728
1.85286e+09,-53.8637
1.85286e+09,-47.924
1.85286e+09,-45.838
1.85287e+09,-45.5829
1.85287e+09,-42.7411
1.85287e+09,-42.7417
1.85288e+09,-46.7372
1.85288e+09,-51.6233
1.85288e+09,-47.8245
1.85288e+09,-49.1054
1.85289e+09,-56.0852
1.85289e+09,-52.0522
1.85289e+09,-54.5827
1.8529e+09,-54.1331
1.8529e+09,-48.067
1.8529e+09,-46.0872
1.8529e+09,-50.4249
1.85291e+09,-71.6121
1.85291e+09,-50.0829
1.85291e+09,-46.7017
1.85292e+09,-52.382
1.85292e+09,-46.7089
1.85292e+09,-45.2977
1.85293e+09,-47.8111
1.85293e+09,-52.0978
1.85293e+09,-50.7051
1.85293e+09,-52.2608
1.85294e+09,-60.9613
1.85294e+09,-50.4192
1.85294e+09,-49.5056
1.85295e+09,-49.9104
1.85295e+09,-56.8814
1.85295e+09,-69.2792
1.85295e+09,-61.5665
1.85296e+09,-55.5959
1.85296e+09,-47.7363
1.85296e+09,-48.4052
1.85297e+09,-48.9118
1.85297e+09,-56.486
1.85297e+09,-89.3961
1.85298e+09,-53.8508
1.85298e+09,-49.7698
1.85298e+09,-54.355
1.85298e+09,-55.1724
1.85299e+09,-55.325
1.85299e+09,-54.2107
1.85299e+09,-52.8465
1.853e+09,-68.4551
1.853e+09,-53.9046
1.853e+09,-54.467
1.853e+09,-56.8583
1.85301e+09,-52.2366
1.85301e+09,-61.9189
1.85301e+09,-57.2888
1.85302e+09,-51.0288
1.85302e+09,-48.6306
1.85302e+09,-53.428
1.85303e+09,-65.4806
1.85303e+09,-57.3132
1.85303e+09,-86.456
1.85303e+09,-62.7908
1.85304e+09,-66.8529
1.85304e+09,-56.456
1.85304e+09,-55.4151
1.85305e+09,-62.3005
1.85305e+09,-51.1919
1.85305e+09,-49.2231
1.85305e+09,-46.0154
1.85306e+09,-45.2009
1.85306e+09,-48.4609
1.85306e+09,-53.6445
1.85307e+09,-50.91
1.85307e+09,-45.0064
1.85307e+09,-45.358
1.85308e+09,-55.3251
1.85308e+09,-61.0245
1.85308e+09,-59.0714
1.85308e+09,-50.7961
1.85309e+09,-53.2823
1.85309e+09,-51.5533
1.85309e+09,-49.9739
1.8531e+09,-49.5365
1.8531e+09,-49.772
1.8531e+09,-57.633
1.8531e+09,-47.7759
1.85311e+09,-52.3371
1.85311e+09,-44.855
1.85311e+09,-45.0527
1.85312e+09,-48.5916
1.85312e+09,-47.7834
1.85312e+09,-46.4881
1.85313e+09,-46.6975
1.85313e+09,-46.8644
1.85313e+09,-49.4794
1.85313e+09,-56.3757
1.85314e+09,-53.9379
1.85314e+09,-49.5428
1.85314e+09,-45.9415
1.85315e+09,-46.6343
1.85315e+09,-54.3786
1.85315e+09,-54.918
1.85315e+09,-47.3964
1.85316e+09,-45.7985
1.85316e+09,-50.288
1.85316e+09,-56.6433
1.85317e+09,-57.5108
1.85317e+09,-46.6899
1.85317e+09,-47.1107
1.85318e+09,-60.1689
1.85318e+09,-52.4313
1.85318e+09,-53.226
1.85318e+09,-50.7849
1.85319e+09,-47.9193
1.85319e+09,-42.7189
1.85319e+09,-45.2764
1.8532e+09,-54.9551
1.8532e+09,-48.5047
1.8532e+09,-59.376
1.8532e+09,-47.3383
1.85321e+09,-46.0248
1.85321e+09,-50.6191
1.85321e+09,-49.0566
1.85322e+09,-49.7034
1.85322e+09,-59.045
1.85322e+09,-54.8282
1.85323e+09,-53.3795
1.85323e+09,-52.6264
1.85323e+09,-54.2513
1.85323e+09,-64.7426
1.85324e+09,-48.7228
1.85324e+09,-48.4181
1.85324e+09,-43.5768
1.85325e+09,-41.2577
1.85325e+09,-42.6483
1.85325e+09,-52.0116
1.85326e+09,-51.245
1.85326e+09,-61.8729
1.85326e+09,-51.6375
1.85326e+09,-46.3189
1.85327e+09,-46.7522
1.85327e+09,-53.0825
1.85327e+09,-58.2787
1.85328e+09,-52.5203
1.85328e+09,-57.7776
1.85328e+09,-60.0799
1.85328e+09,-59.0205
1.85329e+09,-52.5517
1.85329e+09,-53.0637
1.85329e+09,-55.5553
1.8533e+09,-49.1237
1.8533e+09,-52.983
1.8533e+09,-57.1751
1.85331e+09,-55.9064
1.85331e+09,-54.8093
1.85331e+09,-56.8277
1.85331e+09,-51.7271
1.85332e+09,-47.0064
1.85332e+09,-49.1947
1.85332e+09,-56.608
1.85333e+09,-55.9124
1.85333e+09,-49.0989
1.85333e+09,-47.7122
1.85333e+09,-51.6737
1.85334e+09,-54.8297
1.85334e+09,-55.7338
1.85334e+09,-48.5439
1.85335e+09,-48.7065
1.85335e+09,-53.0906
1.85335e+09,-61.7562
1.85336e+09,-53.9075
1.85336e+09,-53.613
1.85336e+09,-50.9751
1.85336e+09,-50.2266
1.85337e+09,-51.5488
1.85337e+09,-60.5845
1.85337e+09,-46.9222
1.85338e+09,-43.7433
1.85338e+09,-40.9762
1.85338e+09,-41.9808
1.85338e+09,-49.46
1.85339e+09,-55.9341
1.85339e+09,-59.1755
1.85339e+09,-50.1136
1.8534e+09,-53.8811
1.8534e+09,-58.151
1.8534e+09,-67.8814
1.85341e+09,-53.6315
1.85341e+09,-45.6172
1.85341e+09,-44.7562
1.85341e+09,-48.8109
1.85342e+09,-47.4061
1.85342e+09,-46.3728
1.85342e+09,-50.5074
1.85343e+09,-51.9017
1.85343e+09,-50.2053
1.85343e+09,-43.8759
1.85343e+09,-43.5086
1.85344e+09,-48.9127
1.85344e+09,-52.956
1.85344e+09,-48.5475
1.85345e+09,-49.1597
1.85345e+09,-56.5849
1.85345e+09,-48.4548
1.85346e+09,-46.1691
1.85346e+09,-45.5915
1.85346e+09,-45.44
1.85346e+09,-47.9233
1.85347e+09,-51.5306
1.85347e+09,-50.3544
1.85347e+09,-45.2999
1.85348e+09,-49.6757
1.85348e+09,-56.3143
1.85348e+09,-56.1705
1.85348e+09,-48.4398
1.85349e+09,-47.7111
1.85349e+09,-56.7267
1.85349e+09,-53.2981
1.8535e+09,-56.5937
1.8535e+09,-49.2508
1.8535e+09,-49.1972
1.85351e+09,-49.5334
1.85351e+09,-59.8149
1.85351e+09,-55.2841
1.85351e+09,-66.7669
1.85352e+09,-55.7929
1.85352e+09,-46.9742
1.85352e+09,-46.7226
1.85353e+09,-51.3047
1.85353e+09,-52.9529
1.85353e+09,-47.5184
1.85353e+09,-51.8795
1.85354e+09,-54.8191
1.85354e+09,-51.0381
1.85354e+09,-46.3603
1.85355e+09,-45.2036
1.85355e+09,-44.3673
1.85355e+09,-49.067
1.85356e+09,-50.8757
1.85356e+09,-48.7988
1.85356e+09,-49.6336
1.85356e+09,-59.7382
1.85357e+09,-50.4906
1.85357e+09,-54.2801
1.85357e+09,-51.4401
1.85358e+09,-49.2687
1.85358e+09,-51.9833
1.85358e+09,-49.2553
1.85358e+09,-46.8991
1.85359e+09,-47.28
1.85359e+09,-54.9542
1.85359e+09,-56.5456
1.8536e+09,-51.6067
1.8536e+09,-49.0425
1.8536e+09,-53.6385
1.85361e+09,-52.2429
1.85361e+09,-54.5281
1.85361e+09,-49.2054
1.85361e+09,-49.0674
1.85362e+09,-49.4486
1.85362e+09,-50.9544
1.85362e+09,-49.1694
1.85363e+09,-52.7986
1.85363e+09,-47.487
1.85363e+09,-48.4876
1.85363e+09,-55.9732
1.85364e+09,-49.003
1.85364e+09,-47.5463
1.85364e+09,-54.0074
1.85365e+09,-54.7554
1.85365e+09,-56.7404
1.85365e+09,-49.7178
1.85366e+09,-50.3467
1.85366e+09,-52.6949
1.85366e+09,-50.7879
1.85366e+09,-50.2641
1.85367e+09,-51.8218
1.85367e+09,-53.8423
1.85367e+09,-57.6824
1.85368e+09,-48.1132
1.85368e+09,-50.2353
1.85368e+09,-49.408
1.85368e+09,-46.2303
1.85369e+09,-53.498
1.85369e+09,-51.0828
1.85369e+09,-45.172
1.8537e+09,-48.7091
1.8537e+09,-61.0025
1.8537e+09,-61.2991
1.85371e+09,-53.1234
1.85371e+09,-62.8018
1.85371e+09,-49.7688
1.85371e+09,-50.0817
1.85372e+09,-53.652
1.85372e+09,-56.0148
1.85372e+09,-51.8242
1.85373e+09,-53.5878
1.85373e+09,-49.7782
1.85373e+09,-46.1509
1.85373e+09,-47.0818
1.85374e+09,-48.5032
1.85374e+09,-51.1142
1.85374e+09,-52.1479
1.85375e+09,-59.242
1.85375e+09,-64.0263
1.85375e+09,-55.7829
1.85376e+09,-56.0257
1.85376e+09,-60.7995
1.85376e+09,-54.3479
1.85376e+09,-61.9636
1.85377e+09,-53.7843
1.85377e+09,-52.4994
1.85377e+09,-53.0338
1.85378e+09,-50.3687
1.85378e+09,-47.8393
1.85378e+09,-55.6352
1.85378e+09,-56.4223
1.85379e+09,-51.5737
1.85379e+09,-60.134
1.85379e+09,-52.7694
1.8538e+09,-52.2444
1.8538e+09,-56.7198
1.8538e+09,-67.1896
1.85381e+09,-55.1778
1.85381e+09,-61.5839
1.85381e+09,-55.4151
1.85381e+09,-66.643
1.85382e+09,-53.2415
1.85382e+09,-53.5638
1.85382e+09,-53.4833
1.85383e+09,-53.942
1.85383e+09,-52.3168
1.85383e+09,-46.3991
1.85384e+09,-51.4295
1.85384e+09,-61.6492
1.85384e+09,-51.184
1.85384e+09,-47.6892
1.85385e+09,-50.3756
1.85385e+09,-49.3802
1.85385e+09,-46.3615
1.85386e+09,-47.2504
1.85386e+09,-52.6771
1.85386e+09,-74.487
1.85386e+09,-58.4272
1.85387e+09,-55.557
1.85387e+09,-53.4227
1.85387e+09,-60.9254
1.85388e+09,-52.1722
1.85388e+09,-51.8414
1.85388e+09,-56.2832
1.85389e+09,-55.2519
1.85389e+09,-58.4098
1.85389e+09,-61.4284
1.85389e+09,-52.2007
1.8539e+09,-53.0797
1.8539e+09,-55.9627
1.8539e+09,-52.527
1.85391e+09,-60.626
1.85391e+09,-51.4485
1.85391e+09,-53.2565
1.85391e+09,-57.9755
1.85392e+09,-49.2749
1.85392e+09,-50.3953
1.85392e+09,-53.7344
1.85393e+09,-53.4061
1.85393e+09,-57.7824
1.85393e+09,-49.6496
1.85394e+09,-47.5558
1.85394e+09,-53.0871
1.85394e+09,-68.6032
1.85394e+09,-62.7887
1.85395e+09,-53.4427
1.85395e+09,-51.2755
1.85395e+09,-54.8766
1.85396e+09,-53.5594
1.85396e+09,-56.4673
1.85396e+09,-61.4095
1.85396e+09,-54.5756
1.85397e+09,-58.3223
1.85397e+09,-49.6892
1.85397e+09,-47.1485
1.85398e+09,-54.4072
1.85398e+09,-57.4792
1.85398e+09,-50.7732
1.85399e+09,-56.3344
1.85399e+09,-52.1489
1.85399e+09,-52.7198
1.85399e+09,-56.9681
1.854e+09,-56.5466
1.854e+09,-57.1141
1.854e+09,-59.0513
1.85401e+09,-50.7917
1.85401e+09,-48.277
1.85401e+09,-48.2902
